#SITE	WT_AA	SITE_ENTROPY	PI_A	PI_C	PI_D	PI_E	PI_F	PI_G	PI_H	PI_I	PI_K	PI_L	PI_M	PI_N	PI_P	PI_Q	PI_R	PI_S	PI_T	PI_V	PI_W	PI_Y
2	K	3.95904	0.048067	0.0505624	0.00443766	0.0199962	0.118307	0.0196662	0.0179257	0.0906342	0.0595799	0.113944	0.03624	0.0508743	0.0241901	0.0516976	0.0314739	0.0456306	0.140067	0.0410483	0.00904379	0.0266145
3	A	3.75833	0.0729982	0.0316517	0.0329339	0.00857191	0.075349	0.00527381	0.0135452	0.0208997	0.00585169	0.210089	0.0959229	0.0821492	0.00909625	0.0318267	0.0071081	0.058398	0.0207678	0.0733575	0.0575661	0.0866437
4	K	4.16227	0.0982976	0.0834899	0.00575352	0.0262016	0.0472324	0.0366458	0.04442	0.0544961	0.0666324	0.0553127	0.0218151	0.0197603	0.0663891	0.0569624	0.0819542	0.0428292	0.0571499	0.055105	0.0491479	0.0304048
5	L	3.5566	0.150892	0.00799577	0.0288093	0.0283839	0.203798	0.00558687	0.0510318	0.0935528	0.0795227	0.164787	0.0184792	0.0220915	0.0118106	0.0131391	0.00772179	0.0196479	0.00984303	0.0143185	0.019263	0.0493259
6	L	3.55003	0.0220503	0.0198374	0.00405401	0.00402533	0.110741	0.00663207	0.10783	0.117198	0.0105957	0.105504	0.0639621	0.00466876	0.00976033	0.104713	0.0038891	0.0745633	0.0193925	0.00918535	0.183403	0.0179953
7	V	3.85169	0.0330529	0.0623027	0.00511379	0.0235619	0.06182	0.0126732	0.00618048	0.110545	0.0542811	0.138656	0.098081	0.02873	0.00198701	0.0213528	0.092508	0.00512918	0.0433377	0.105671	0.0492559	0.0457601
8	L	3.54111	0.0428842	0.0319661	0.00707465	0.00837118	0.19928	0.0254933	0.0101455	0.058718	0.0108393	0.261847	0.0276541	0.00851121	0.0156293	0.0363334	0.0301036	0.0831156	0.045065	0.0237147	0.0445601	0.0286943
9	L	3.57038	0.00589219	0.074939	0.00664315	0.00339424	0.0702158	0.171687	0.00271216	0.0519638	0.00912066	0.126554	0.158553	0.0240796	0.0139334	0.0144974	0.0224228	0.0118194	0.0044676	0.0382885	0.100468	0.0883484
10	Y	3.56006	0.081974	0.0927255	0.00660929	0.00279886	0.220445	0.00606553	0.0111396	0.0811456	0.143902	0.0255915	0.0196662	0.0148543	0.00655719	0.0184644	0.0218765	0.114994	0.0280059	0.021467	0.0127753	0.0689429
11	A	3.87237	0.0852016	0.0467902	0.0134254	0.00787362	0.105721	0.0131201	0.0125373	0.0930758	0.0136623	0.122791	0.0252532	0.0414909	0.0224696	0.0108813	0.015957	0.0701853	0.0743742	0.135277	0.0614266	0.0284874
12	F	3.62921	0.0249936	0.126287	0.017592	0.00465713	0.0642046	0.170266	0.0091809	0.031752	0.00946721	0.0957677	0.0478033	0.00447016	0.0108127	0.0163377	0.0369218	0.161244	0.00564736	0.0978296	0.0526424	0.012123
13	V	3.73068	0.0820484	0.0261361	0.0212628	0.168482	0.0393693	0.0338609	0.0317304	0.0815283	0.0141503	0.0109093	0.0138885	0.0136764	0.0166189	0.0640113	0.0392555	0.106641	0.0073164	0.186637	0.0138453	0.0286315
14	A	3.92063	0.180051	0.0828731	0.00955511	0.0957183	0.0465581	0.0120737	0.0385196	0.0209573	0.0252553	0.0735509	0.0481554	0.0902968	0.0244813	0.0844231	0.0113244	0.045077	0.0307736	0.0140219	0.032005	0.0343286
15	T	3.48095	0.046099	0.123901	0.0158362	0.026888	0.00613742	0.006595	0.00854416	0.229763	0.00868273	0.00600698	0.100541	0.0139818	0.105154	0.00583584	0.0040519	0.0370536	0.124602	0.0890615	0.0278094	0.0134551
16	D	3.87594	0.0985896	0.0242252	0.138868	0.058223	0.0107672	0.00782999	0.0648519	0.01748	0.123833	0.047061	0.114952	0.00589067	0.00251776	0.0245997	0.0550775	0.0546712	0.0275498	0.0527588	0.0438498	0.0264043
17	A	3.29323	0.412958	0.0211397	0.066917	0.0118372	0.0166627	0.0808652	0.044056	0.0364209	0.0385046	0.0117298	0.0268254	0.0328004	0.010188	0.0325237	0.00888301	0.0642405	0.0128327	0.0263559	0.0369841	0.00727518
18	D	3.24455	0.0263545	0.0173455	0.387309	0.0590334	0.00897043	0.14449	0.0155982	0.0072	0.02903	0.00641179	0.0217035	0.0488813	0.0114534	0.0242828	0.0401068	0.00917249	0.00788075	0.0691286	0.0296537	0.0359942
19	T	3.50506	0.000635612	0.00143935	0.00412917	0.0400084	0.00748221	0.00408256	0.0310688	0.0701366	0.0611712	0.204957	0.0216511	0.0856007	0.00102874	0.195718	0.0490749	0.0618521	0.0646885	0.0526973	0.00214988	0.0404276
20	I	3.09377	0.0129113	0.00323668	0.0310745	0.0363593	0.0119849	0.00968064	0.00624351	0.358946	0.210599	0.0784234	0.0548106	0.0256993	0.00639722	0.0607179	0.00639145	0.0267389	0.00273991	0.0279086	0.0044079	0.024729
21	C	2.91059	0.0126125	0.420216	0.205473	0.00545819	0.0126574	0.00314612	0.00992616	0.00365331	0.0386957	0.0270636	0.0231031	0.0121059	0.0298931	0.0164986	0.0109863	0.0232761	0.0109561	0.0437687	0.0824824	0.00802734
22	I	3.21582	0.0245348	0.0112554	0.109403	0.010038	0.013704	0.00446427	0.0186295	0.305454	0.015909	0.143336	0.0135951	0.0437885	0.00158874	0.00642606	0.00820008	0.0130853	0.01617	0.120373	0.00651961	0.113525
23	G	2.66103	0.0212099	0.0172373	0.0164248	0.0119434	0.00700344	0.447763	0.0180547	0.00915881	0.00774255	0.0139146	0.0128734	0.0141168	0.0508177	0.0105332	0.0164069	0.270846	0.00591083	0.0152312	0.0189305	0.0138809
24	Y	3.30679	0.0089458	0.0315183	0.0122067	0.0243363	0.0735281	0.00237034	0.0156635	0.029536	0.0333692	0.0118007	0.0423735	0.00504502	0.00362485	0.0863346	0.00803757	0.00881206	0.129841	0.0626975	0.0644174	0.345541
25	H	3.53366	0.0924799	0.0148545	0.00382905	0.00402239	0.00516797	0.0109592	0.223935	0.0617396	0.115662	0.147508	0.0361787	0.00306513	0.00998683	0.0436239	0.00295197	0.0432388	0.0676239	0.0553808	0.0102367	0.0475555
26	A	2.98029	0.258586	0.101834	0.00235412	0.00397252	0.00677652	0.00347465	0.00641603	0.00623149	0.00618467	0.00563862	0.016804	0.0519113	0.00750235	0.017636	0.00329607	0.0505326	0.0196878	0.210705	0.00680355	0.213652
27	N	2.89113	0.0427053	0.0107657	0.0173008	0.00766335	0.0815598	0.0194363	0.0277807	0.0425877	0.0608971	0.0114519	0.00923874	0.504852	0.00935923	0.00988311	0.066024	0.0206485	0.0199752	0.00481919	0.0187932	0.0142581
28	N	2.78848	0.215375	0.00785709	0.115867	0.0099676	0.0129999	0.0238131	0.00880918	0.00388703	0.0251944	0.0127175	0.010497	0.42343	0.00689088	0.0120906	0.00527201	0.0187516	0.0136933	0.00715216	0.0494582	0.0162771
29	S	3.24853	0.113519	0.0466942	0.00410956	0.0836291	0.00933719	0.0293022	0.0382114	0.00898288	0.0491365	0.0067545	0.00992717	0.0348649	0.00231714	0.029653	0.00956183	0.354736	0.125952	0.0201823	0.00895844	0.0141706
30	T	3.03296	0.00476165	0.0027942	0.00720495	0.0226547	0.0071156	0.0162765	0.075638	0.0108579	0.0179115	0.0093273	0.0268031	0.150334	0.0267378	0.0166559	0.0102522	0.0507733	0.322994	0.00262796	0.214582	0.00369742
31	D	3.33703	0.0184387	0.0102063	0.308331	0.0716854	0.0160212	0.0190271	0.0710075	0.0116089	0.0449585	0.00687973	0.00395381	0.0338906	0.00534254	0.172193	0.00762386	0.00472319	0.0654281	0.0841322	0.0225744	0.0219732
32	T	3.15487	0.0275376	0.018969	0.00360714	0.276924	0.00457245	0.0337771	0.0196985	0.00610094	0.0164338	0.0698692	0.0282929	0.0188157	0.0139912	0.0164679	0.0428712	0.0543757	0.304822	0.0221023	0.0146437	0.00612823
33	V	3.03257	0.0136751	0.013086	0.141286	0.00624196	0.00701421	0.0152103	0.00405984	0.145504	0.0976424	0.12479	0.0118003	0.00333327	0.0021998	0.0165888	0.0122003	0.0426816	0.00531952	0.326232	0.00228723	0.0088486
34	D	3.14391	0.00860938	0.00720103	0.455288	0.0605172	0.0418698	0.0418626	0.0138975	0.0104345	0.00854182	0.0196843	0.0383029	0.0581917	0.0446902	0.0122026	0.0211475	0.00805095	0.0288411	0.0547151	0.0194091	0.0465427
35	T	2.65646	0.0221836	0.00704829	0.0102669	0.0102575	0.0169271	0.0136906	0.0224032	0.019604	0.0152737	0.0119066	0.0237472	0.0415315	0.00690847	0.0436242	0.00953426	0.149639	0.536535	0.0129038	0.00752093	0.0184945
36	I	3.3028	0.0368978	0.0571376	0.00321016	0.00837093	0.0543749	0.0198847	0.00366374	0.308978	0.0187081	0.0211727	0.205395	0.0155761	0.0311315	0.0286066	0.0119335	0.0159439	0.0908999	0.00702319	0.0103564	0.0507347
37	L	3.42968	0.0262632	0.0645738	0.0924109	0.0171052	0.0357461	0.00557129	0.00322392	0.0254616	0.00507109	0.0957457	0.01071	0.0110575	0.00978452	0.0253245	0.0812372	0.239203	0.197921	0.00339499	0.0151841	0.0350097
38	E	3.18068	0.0781623	0.0069859	0.0279322	0.427543	0.00833283	0.0329344	0.0359653	0.0229201	0.014933	0.00427898	0.00902655	0.0490087	0.00422781	0.0421155	0.0575911	0.0736693	0.0164173	0.0154847	0.0570952	0.0153757
39	K	3.07853	0.0143488	0.02454	0.00787527	0.0268063	0.00763997	0.122552	0.0348564	0.00688836	0.278926	0.0105167	0.0295259	0.0246201	0.0147764	0.0104226	0.298519	0.00693141	0.0435953	0.00821227	0.0118937	0.0165537
40	N	3.16132	0.0332578	0.0167902	0.0238905	0.0395064	0.00977531	0.0497774	0.0260599	0.00940882	0.102864	0.00860151	0.0250401	0.442564	0.0206825	0.0230529	0.053229	0.055482	0.00767646	0.0226926	0.0181565	0.0114928
41	V	3.25599	0.0163761	0.0500164	0.0140033	0.0194152	0.019402	0.0181368	0.0186159	0.150474	0.0221459	0.019178	0.0433206	0.0563721	0.00525459	0.0514661	0.00924369	0.00602359	0.0262496	0.384968	0.0557545	0.0135834
42	A	3.57136	0.103414	0.158061	0.0196904	0.000876906	0.0893129	0.0418899	0.0144581	0.0062666	0.0530045	0.00460009	0.0128234	0.00874455	0.145964	0.0140842	0.0618441	0.000115827	0.0369797	0.16511	0.0429683	0.0197911
43	V	3.78225	0.0887939	0.0344046	0.0313772	0.0418352	0.0189477	0.026971	0.0895299	0.0898924	0.0422908	0.000360162	0.0556942	0.0434007	0.0222496	0.0351406	0.0149109	0.0152316	0.025578	0.250629	0.0367124	0.0360504
44	T	2.94534	0.0151079	0.00753134	0.0548569	0.0186784	0.0475782	0.0119559	0.0170044	0.00875084	0.0600981	0.0391746	0.0209385	0.0363544	0.000458893	0.0179536	0.0127479	0.0178143	0.501289	0.0650722	0.0264547	0.0201802
45	H	3.31677	0.0632689	0.0123821	0.037212	0.0247142	0.0990783	0.0211356	0.328388	0.00552942	0.00542993	0.0252558	0.0771123	0.0244581	0.00365725	0.0526383	0.00810618	0.150727	0.00648946	0.00486045	0.0263341	0.0232232
46	S	3.28015	0.0354673	0.0170944	0.0168689	0.0120627	0.0709524	0.00823345	0.0949058	0.0144406	0.0431091	0.0660014	0.0101586	0.0454429	0.0119958	0.0135966	0.00497068	0.343386	0.0174481	0.0139129	0.155218	0.00473447
47	V	3.58374	0.0147981	0.0128744	0.00496342	0.0137913	0.106962	0.0197148	0.0195145	0.115117	0.0562842	0.0618909	0.0526317	0.00545913	0.00496051	0.0548529	0.0346891	0.00526974	0.0264679	0.233211	0.0226813	0.133866
48	N	3.23263	0.00306778	0.00823419	0.0684536	0.0883841	0.0238796	0.00433539	0.00769847	0.00668884	0.0405629	0.00821519	0.0224333	0.38301	0.033206	0.0197714	0.0285794	0.0813041	0.103507	0.0109826	0.0414015	0.0162848
49	L	2.81445	0.00649305	0.0290841	0.0116533	0.0303905	0.0262391	0.0104911	0.0220891	0.0631415	0.0107875	0.54225	0.012839	0.0126372	0.0605251	0.0480459	0.0195373	0.0182031	0.0155975	0.0140676	0.0203543	0.025574
50	L	2.73654	0.0284854	0.0237281	0.142142	0.0129902	0.0130371	0.0228119	0.0110212	0.00716251	0.0225124	0.528562	0.0127059	0.00547899	0.0237721	0.0216925	0.0123633	0.0413833	0.00943968	0.0200579	0.0181655	0.0224878
51	E	3.29776	0.184117	0.0231398	0.052572	0.186664	0.0430436	0.00497577	0.0107095	0.0217175	0.00933047	0.0536545	0.00565951	0.00729841	0.00191121	0.0120577	0.0221829	0.00980032	0.0500096	0.25413	0.00897411	0.0380522
52	D	3.71469	0.10992	0.0151897	0.20278	0.0294905	0.00698229	0.047477	0.0559835	0.0234406	0.0200324	0.0397059	0.0218673	0.108116	0.00891841	0.00980767	0.00521202	0.0918198	0.111666	0.0562021	0.0231093	0.0122804
53	S	3.78373	0.120389	0.00211809	0.00437928	0.180519	0.0557988	0.0918195	0.0710556	0.00642052	0.0557216	0.0329285	0.0268796	0.0435746	0.00134738	0.0756199	0.0371242	0.0723841	0.021405	0.0686378	0.0139175	0.0179595
54	H	3.44781	0.0440562	0.0132747	0.0119831	0.0136317	0.00430738	0.0103177	0.286838	0.040312	0.0197686	0.00625399	0.0697862	0.00405786	0.0515007	0.0543281	0.047049	0.0217656	0.144864	0.0201697	0.0116714	0.124064
55	N	3.24235	0.00568543	0.00854236	0.0450136	0.0289296	0.200399	0.0296976	0.0116408	0.0144367	0.0388458	0.00667277	0.0285798	0.326124	0.00936115	0.0351293	0.0107322	0.107491	0.0565687	0.0145869	0.015909	0.00565375
56	G	3.20828	0.0249972	0.00790538	0.0404174	0.0401789	0.0164435	0.327184	0.0249136	0.0953655	0.0101382	0.0045503	0.225719	0.0334848	0.00798113	0.0135863	0.0379688	0.0206096	0.0386351	0.0108515	0.0107753	0.00829377
57	K	3.44038	0.0882155	0.0151781	0.0142299	0.0033574	0.274687	0.028643	0.0389307	0.00723819	0.176925	0.0468669	0.0488936	0.0276285	0.00449522	0.0239641	0.0807286	0.00415718	0.0056196	0.0534163	0.0484667	0.0083583
58	L	3.21524	0.00652733	0.0262071	0.00599944	0.0332142	0.0320471	0.00722221	0.0226453	0.0858716	0.0169556	0.430897	0.0373395	0.0499612	0.0266886	0.0244178	0.0470499	0.0145731	0.0114585	0.00988317	0.0625678	0.0484731
59	C	3.01938	0.0112428	0.448436	0.013303	0.0549183	0.0134062	0.016833	0.0103924	0.0341428	0.010792	0.0188832	0.0501059	0.0327834	0.00639176	0.127392	0.00621312	0.00703096	0.00950243	0.0248053	0.0265608	0.0768647
60	K	3.72631	0.0472068	0.00788217	0.0261538	0.0212294	0.0436245	0.0064367	0.0983026	0.00585031	0.120697	0.0472721	0.0228063	0.121899	0.00145499	0.0328701	0.167852	0.0856819	0.0353785	0.00342	0.018812	0.0851701
61	L	2.93839	0.00657254	0.00996341	0.00782124	0.0292531	0.0148731	0.0106648	0.00498404	0.274977	0.011492	0.301606	0.0506251	0.0226314	0.0135551	0.00592872	0.0095709	0.00540733	0.0052886	0.147614	0.00657411	0.0605974
62	K	3.37495	0.0328675	0.00166847	0.0584737	0.0637612	0.0135186	0.0560329	0.260102	0.00266983	0.12122	0.00852289	0.0105575	0.160997	0.00215128	0.0671453	0.0524861	0.0105806	0.00219622	0.00222635	0.0138659	0.0589566
63	G	3.18769	0.0102255	0.0134357	0.0640178	0.0225874	0.014392	0.347052	0.207012	0.00613544	0.0338503	0.00650043	0.0176423	0.0814546	0.00589296	0.0314335	0.0265636	0.0536255	0.022108	0.00768498	0.0144711	0.0139156
64	I	3.76409	0.0185131	0.0215049	0.024703	0.026167	0.0236053	0.0212677	0.0339823	0.15452	0.0760184	0.049759	0.0472748	0.0829246	0.0017209	0.0944603	0.142861	0.010389	0.0351502	0.123225	0.00621724	0.00573648
65	A	3.93504	0.107982	0.00558863	0.0258978	0.144483	0.0307436	0.0522588	0.084415	0.0106456	0.0978477	0.0287397	0.0850168	0.0767481	0.0389864	0.057366	0.0493114	0.0305407	0.0336956	0.0126088	0.00878785	0.0183369
66	P	2.81551	0.158046	0.0246841	0.020522	0.0136987	0.0138931	0.0466235	0.0382499	0.0195709	0.0187311	0.00678209	0.0360608	0.014727	0.496444	0.00602244	0.00911069	0.0116234	0.00707375	0.0133623	0.0244925	0.0202816
67	L	3.16928	0.00532201	0.0233299	0.0112289	0.0124082	0.0218573	0.00475364	0.0568034	0.0691557	0.0183869	0.446355	0.0417282	0.0295098	0.0169504	0.0164287	0.0140743	0.0195685	0.0379266	0.0710552	0.0455404	0.0376171
68	Q	3.99299	0.032022	0.00503626	0.092441	0.0565773	0.0409404	0.0243929	0.00808699	0.0768729	0.0192472	0.0723996	0.157356	0.0132065	0.0270052	0.0761094	0.073754	0.0358332	0.0436112	0.0664386	0.0385	0.0401697
69	L	2.7988	0.00619644	0.00645037	0.0361556	0.0150316	0.0117311	0.0644659	0.0126265	0.0776215	0.00740955	0.514361	0.0318757	0.0170737	0.00722152	0.00644109	0.0874976	0.0341228	0.00804112	0.0187483	0.0274737	0.00945501
70	G	3.81657	0.017857	0.00965084	0.0580141	0.0473537	0.0509546	0.176196	0.0865835	0.00436458	0.0524265	0.067589	0.0405902	0.0413308	0.0264815	0.104222	0.130345	0.0332419	0.0257592	0.00771588	0.00340001	0.0159236
71	K	3.40565	0.0221337	0.00995381	0.00478318	0.0109116	0.00290394	0.12386	0.00486925	0.0596754	0.0794901	0.0277506	0.0279942	0.0318852	0.143076	0.0545493	0.0338729	0.0466291	0.287956	0.00374726	0.0193516	0.00460707
72	C	2.71679	0.0232517	0.507697	0.00816981	0.0113937	0.0292326	0.00942833	0.0120101	0.0224231	0.0250821	0.0113222	0.178059	0.00937743	0.00977414	0.0220942	0.0166915	0.00851329	0.010486	0.0454834	0.0176059	0.0219044
73	N	3.51149	0.0284156	0.0350145	0.0900831	0.0478402	0.00465192	0.0592563	0.0369989	0.00359772	0.0274104	0.00360047	0.0613427	0.203573	0.0068655	0.0385472	0.0191252	0.201362	0.11209	0.00582482	0.00691523	0.00748498
74	I	3.04396	0.00684336	0.0137366	0.00227835	0.00219713	0.103173	0.0078063	0.0112725	0.261551	0.00336854	0.153361	0.0706577	0.00544079	0.09813	0.0147772	0.00468956	0.00217569	0.0153515	0.207601	0.0105994	0.00498948
75	T	3.58181	0.0209855	0.0694619	0.00256293	0.0104728	0.011332	0.0212325	0.0170055	0.186568	0.0327467	0.088695	0.0299578	0.0337983	0.0370909	0.0180179	0.0255371	0.033649	0.163352	0.177257	0.00262119	0.0176565
76	G	2.56019	0.109722	0.0165308	0.0211928	0.0300394	0.00867505	0.579186	0.00814211	0.00663775	0.0329184	0.0192666	0.035966	0.0147178	0.0078503	0.0112649	0.00586551	0.0217461	0.00794795	0.0266304	0.0255696	0.0101307
77	W	2.35554	0.00817612	0.0334543	0.0137586	0.0174053	0.0168177	0.0196783	0.0209579	0.0344259	0.0101896	0.0200511	0.0198325	0.0154498	0.00511127	0.00980075	0.00908937	0.0172624	0.0136547	0.0352191	0.651903	0.0277622
78	L	2.69342	0.0203526	0.00475476	0.00849814	0.0135652	0.0244144	0.0148867	0.0100767	0.00591731	0.00877366	0.447774	0.0930326	0.01127	0.0111176	0.0070739	0.0052746	0.206009	0.00811982	0.0830995	0.0101274	0.00586189
79	L	3.05097	0.0333004	0.0108446	0.010769	0.012647	0.0106479	0.00510851	0.00691572	0.107737	0.00514314	0.432581	0.0230594	0.0443082	0.116489	0.00801029	0.0444877	0.00795753	0.0351733	0.0372224	0.0213965	0.0262018
80	G	2.01785	0.0456773	0.0110635	0.00484626	0.0132717	0.0117171	0.712842	0.00828146	0.00614156	0.0112116	0.00752382	0.0175385	0.016461	0.0166524	0.0276554	0.00501239	0.0139571	0.0116421	0.0192828	0.0242859	0.0149361
81	N	2.79439	0.0255551	0.0134557	0.0149602	0.012849	0.00399405	0.0113734	0.180673	0.0216961	0.0379491	0.0191041	0.00747894	0.468837	0.00129712	0.0183658	0.00972049	0.0776272	0.0385131	0.0160253	0.0140891	0.00643636
82	P	2.6488	0.0149374	0.00915542	0.0277417	0.0393057	0.00973096	0.0128828	0.202568	0.010138	0.0202863	0.0183042	0.0227283	0.0144125	0.50652	0.00764871	0.0194196	0.0122759	0.0230815	0.00978289	0.00775352	0.0113267
83	E	3.77374	0.152	0.015803	0.0457841	0.169585	0.0274798	0.095913	0.0152365	0.0199789	0.0101183	0.0555324	0.0673946	0.0950116	0.00128269	0.032685	0.00907631	0.0431574	0.0276299	0.0295844	0.0093869	0.07736
84	C	2.28284	0.00844896	0.652623	0.0149719	0.0121885	0.0235051	0.00622618	0.00535273	0.00613984	0.0151499	0.00281182	0.0208984	0.0283897	0.0150402	0.0152565	0.0502969	0.019657	0.00851477	0.040235	0.0459468	0.00834661
85	D	2.90839	0.0197416	0.0214259	0.406501	0.229113	0.0127126	0.0192919	0.018811	0.00641893	0.00431576	0.0300316	0.0151361	0.0106723	0.013308	0.0594822	0.00560536	0.0150638	0.0717349	0.00777169	0.00662801	0.0262336
86	S	4.05281	0.0645219	0.0195014	0.156185	0.0877627	0.0376882	0.0314483	0.0577489	0.0811582	0.019608	0.0573653	0.0171704	0.0317516	0.0289038	0.0622914	0.0350778	0.062109	0.0247696	0.0522879	0.00991448	0.0627362
87	L	2.98576	0.0252829	0.022371	0.0535268	0.00834082	0.004101	0.00958193	0.031474	0.121078	0.00647682	0.473302	0.0479727	0.00733853	0.0204309	0.0284416	0.0231192	0.0191225	0.0412226	0.0307377	0.0113432	0.0147362
88	L	3.54423	0.0264586	0.00421769	0.00723003	0.0994849	0.0185755	0.0255753	0.0182967	0.0986081	0.0581149	0.146067	0.18614	0.00831044	0.00552741	0.038594	0.00487505	0.0302984	0.0248779	0.0200715	0.168358	0.0103184
89	P	3.89981	0.0396486	0.000545044	0.0429445	0.0412064	0.136568	0.0551843	0.0398051	0.0967775	0.0376089	0.146477	0.0279076	0.0532145	0.0665649	0.00847501	0.0272697	0.0392786	0.032663	0.0225348	0.000741006	0.0845857
90	A	4.08012	0.0803292	0.0176031	0.0533043	0.0501065	0.0667978	0.0418492	0.04698	0.0917331	0.0743618	0.0604778	0.061339	0.0287554	0.0253194	0.0225952	0.01213	0.0504693	0.137769	0.0309962	0.0132825	0.0338012
91	R	3.94719	0.0289032	0.0110262	0.0157155	0.0933987	0.040293	0.02	0.104166	0.0586255	0.0177606	0.0544132	0.035597	0.119885	0.00727384	0.0518421	0.120629	0.0272057	0.0300469	0.0845221	0.00898095	0.0697153
92	S	3.98324	0.0131349	0.00539467	0.0412103	0.0456257	0.0587503	0.0488336	0.079378	0.0661111	0.0429571	0.0391603	0.173387	0.0151223	0.0432035	0.0613988	0.0202582	0.0801104	0.0591929	0.0202707	0.0111751	0.0753252
93	W	2.94983	0.00358506	0.157894	0.101639	0.00955457	0.20226	0.0168142	0.0109784	0.00488522	0.0275863	0.0413577	0.0155111	0.0187071	0.0118027	0.0065968	0.00365769	0.00937346	0.00648171	0.00738612	0.337213	0.00671617
94	S	2.68645	0.0464508	0.0301783	0.0319969	0.0226646	0.0195572	0.122795	0.0129708	0.0104709	0.00595045	0.00446628	0.0107709	0.00766418	0.0107246	0.0329325	0.00612682	0.534955	0.00735483	0.0096245	0.0541381	0.0182076
95	Y	2.12776	0.00950595	0.00823952	0.0197191	0.00640174	0.0169829	0.0204816	0.020777	0.00428607	0.0249574	0.0163831	0.0112977	0.00719503	0.0135511	0.0331209	0.0245201	0.0213599	0.0230465	0.00815711	0.0141618	0.695856
96	I	2.78156	0.00561122	0.0339026	0.00456541	0.00964008	0.0255173	0.00763973	0.0148302	0.460469	0.00769152	0.0902625	0.022557	0.00798422	0.0088825	0.0142195	0.00930825	0.029412	0.0204793	0.189341	0.0308319	0.0068552
97	V	2.64445	0.0319274	0.021292	0.0154916	0.0100466	0.008347	0.0100293	0.0262714	0.320048	0.00847188	0.0259643	0.0176888	0.0133181	0.00837758	0.0190553	0.00263056	0.00625083	0.0178069	0.408926	0.01548	0.0125774
98	E	3.02587	0.00950914	0.00930668	0.020431	0.432309	0.0529178	0.0301571	0.00950955	0.135492	0.00907826	0.0236643	0.019342	0.00880534	0.00406469	0.0998325	0.00837465	0.0229562	0.0270012	0.050996	0.0120342	0.0142179
99	T	3.52523	0.11457	0.00690682	0.098061	0.102915	0.00932909	0.0326666	0.0398611	0.00680835	0.0168507	0.0442986	0.00661606	0.00545144	0.0221814	0.270249	0.0560635	0.0464493	0.0790389	0.02617	0.00564416	0.00986912
100	P	4.00278	0.117331	0.00255529	0.0201971	0.06498	0.0435549	0.103998	0.0838873	0.0696	0.0371362	0.05196	0.0115546	0.0337559	0.113921	0.0417305	0.0494126	0.0123126	0.0189461	0.0514334	0.0226249	0.0491085
101	N	3.53637	0.0322499	0.0184315	0.23907	0.00998873	0.159232	0.10768	0.0139691	0.00844673	0.0241889	0.0794743	0.0170248	0.113831	0.00869537	0.0160684	0.0479928	0.0416157	0.0242183	0.00657444	0.0126765	0.0185719
102	S	3.37029	0.0770281	0.0311571	0.00423113	0.015961	0.00860209	0.161433	0.00823411	0.00810027	0.00321169	0.00313561	0.0145309	0.0137678	0.0755133	0.220174	0.0108196	0.143279	0.0981829	0.0839773	0.0173599	0.00130035
103	E	3.84993	0.0327145	0.00373236	0.00652195	0.155615	0.0161708	0.0408759	0.0570262	0.155072	0.0181924	0.052755	0.0593462	0.0892936	0.0872495	0.0328788	0.0189797	0.0465643	0.0212431	0.0670764	0.00843129	0.030261
104	N	3.64498	0.035317	0.0257034	0.00391834	0.203005	0.113245	0.0109463	0.178126	0.00871279	0.0381996	0.0428757	0.018428	0.0769485	0.00167879	0.0717797	0.0123758	0.0366195	0.0159989	0.0278388	0.0319676	0.046316
105	G	3.02061	0.0582353	0.0240642	0.0344316	0.0291173	0.00699549	0.478747	0.0245744	0.0056347	0.0830668	0.00672017	0.0276096	0.0153765	0.020323	0.0091098	0.0166435	0.0639382	0.0120566	0.0104539	0.0378769	0.0350249
106	A	3.29277	0.170611	0.0392798	0.00598158	0.104469	0.0207877	0.0123837	0.0120453	0.0139096	0.00271701	0.13925	0.00882122	0.0223862	0.215379	0.0109095	0.00233105	0.0480714	0.015875	0.149238	0.0037954	0.0017575
107	C	2.2485	0.0229507	0.646323	0.00728872	0.00686899	0.0143385	0.00596693	0.0134181	0.0160333	0.0223443	0.00673932	0.0875738	0.00777631	0.0067515	0.00799738	0.011973	0.016951	0.0127889	0.00451882	0.045907	0.0354903
108	Y	2.5229	0.0298114	0.00813735	0.00828438	0.013365	0.0497864	0.0195822	0.0148566	0.0371964	0.0120561	0.0166217	0.0348513	0.0327161	0.00965468	0.00722074	0.0129467	0.0134948	0.0205012	0.0286127	0.0171759	0.613128
109	P	2.34921	0.0200233	0.00900227	0.00613875	0.0150906	0.00574721	0.00437741	0.0209238	0.00448401	0.014084	0.0466795	0.0119496	0.00747039	0.611013	0.00627949	0.0152558	0.0147634	0.0111656	0.104228	0.0613576	0.00996579
110	G	2.54638	0.0167322	0.0387573	0.0142468	0.0442229	0.025743	0.606426	0.00798473	0.00896079	0.0153404	0.00360362	0.0487538	0.0121195	0.0178156	0.0142165	0.0113459	0.0170336	0.0144718	0.0240485	0.032877	0.0252998
111	D	3.82488	0.137054	0.00953767	0.140238	0.108089	0.00955625	0.0752347	0.0167486	0.0529296	0.0326587	0.0600617	0.0409343	0.0125102	0.109782	0.00833171	0.0280992	0.0304329	0.0706332	0.0136051	0.00620229	0.0373609
112	L	2.96593	0.00341801	0.00946856	0.00636549	0.00421852	0.0666542	0.00393238	0.0242741	0.138443	0.00471402	0.369954	0.118545	0.00943658	0.00297775	0.00593987	0.00316916	0.00941601	0.0649809	0.0396513	0.110486	0.0039551
113	I	3.77439	0.152208	0.011138	0.0380364	0.0101576	0.0670929	0.0061246	0.0888226	0.0717101	0.0506771	0.0538737	0.049776	0.0300902	0.00125818	0.0884976	0.0245102	0.129482	0.100149	0.00596661	0.00378618	0.0166424
114	D	3.5625	0.154832	0.0103192	0.227405	0.0675995	0.0292882	0.0231226	0.089651	0.00213214	0.00751885	0.049264	0.0292535	0.0931743	0.00796053	0.0575644	0.00716312	0.0818475	0.00769188	0.00314176	0.0302462	0.0208239
115	Y	3.61872	0.0590809	0.00482685	0.00850279	0.0117022	0.0236877	0.0278348	0.0190051	0.164497	0.0079082	0.0929413	0.0260907	0.0267574	0.0308375	0.0636605	0.0125023	0.143119	0.0587464	0.0168642	0.00921334	0.192222
116	E	3.15796	0.0904013	0.0148365	0.00741391	0.368695	0.0242727	0.0548723	0.0123643	0.00480516	0.0096131	0.00892143	0.0271718	0.00592322	0.111484	0.14139	0.00563197	0.0328855	0.00695396	0.0129317	0.0219623	0.0374704
117	E	2.67363	0.0213152	0.00695527	0.0364919	0.559641	0.0118546	0.0251681	0.00783533	0.0219803	0.0544794	0.00468949	0.0369036	0.0217636	0.0202116	0.0186474	0.00690366	0.00816749	0.075284	0.00585066	0.048156	0.00770084
118	L	2.50227	0.0153781	0.011509	0.0252047	0.00736197	0.0389221	0.00880807	0.00653079	0.0834573	0.0142911	0.598885	0.0518045	0.0086994	0.0134196	0.0308777	0.00973249	0.00487787	0.0131447	0.0195484	0.0184714	0.0190756
119	R	3.371	0.01386	0.0143579	0.00571652	0.0141999	0.0481022	0.00701305	0.0897601	0.0567867	0.0631449	0.0170648	0.00548154	0.0151192	0.00892105	0.0132576	0.33591	0.0137292	0.0579759	0.036944	0.051213	0.131442
120	E	2.85361	0.0218473	0.01713	0.025857	0.521883	0.0207106	0.00856851	0.0150997	0.00930392	0.0964794	0.00979101	0.0403984	0.0367826	0.00368184	0.0188593	0.0321786	0.0410336	0.0109162	0.00942462	0.0304866	0.0295677
121	Q	3.19389	0.019561	0.0149205	0.0194596	0.0135461	0.0181022	0.00534079	0.11741	0.00940756	0.0131223	0.027137	0.0135358	0.0322822	0.00390958	0.408708	0.0941749	0.0426314	0.051328	0.0162949	0.0386039	0.0405248
122	L	2.48757	0.0127079	0.00655951	0.0107271	0.00909453	0.0207373	0.00287858	0.0160011	0.303239	0.0135393	0.451137	0.0314657	0.00616836	0.0047921	0.0169872	0.00524408	0.00978552	0.0122269	0.0417923	0.0171548	0.00776144
123	S	3.64757	0.07415	0.0500128	0.00693774	0.0627694	0.0687512	0.23308	0.0218246	0.00864054	0.0270213	0.0155634	0.0199164	0.0476165	0.00530751	0.056925	0.0169324	0.135852	0.106084	0.0253788	0.00669937	0.0105372
124	S	3.82005	0.117016	0.012609	0.0553326	0.117151	0.0278614	0.104105	0.0262493	0.0644354	0.0069947	0.0227636	0.0633402	0.0126957	0.00542893	0.0328849	0.0580334	0.158157	0.0174706	0.0260996	0.00575219	0.0656203
125	V	3.13971	0.113631	0.040044	0.00254967	0.00386011	0.0227163	0.0101976	0.0065495	0.318548	0.004056	0.0517193	0.0497167	0.0105818	0.00185313	0.00630719	0.000770992	0.0554293	0.10947	0.16616	0.0173759	0.00846363
126	S	3.88353	0.0316856	0.00573576	0.0766683	0.0361612	0.0427357	0.0143639	0.0216656	0.128837	0.0283389	0.136065	0.0156968	0.0293917	0.0030666	0.0441581	0.0748629	0.0815492	0.117279	0.0380011	0.0104541	0.0632833
127	S	3.75762	0.0475264	0.00614744	0.106796	0.077271	0.0672924	0.0662288	0.00411383	0.0103449	0.104054	0.0117191	0.0153969	0.0188572	0.00401445	0.163474	0.0576123	0.119258	0.0238077	0.051483	0.00573223	0.0388712
128	L	3.58091	0.165542	0.00988031	0.0043009	0.00475802	0.0873743	0.0158932	0.0294231	0.0558672	0.0176351	0.17608	0.0687698	0.00167863	0.00187563	0.0224743	0.00278653	0.0392646	0.0539504	0.0677701	0.13857	0.0361064
129	E	3.37286	0.0159323	0.00665163	0.0809436	0.351612	0.0104629	0.0066888	0.0707381	0.0178257	0.0118951	0.0193777	0.10619	0.0399653	0.0155582	0.0120237	0.0138	0.0647879	0.0678982	0.0288047	0.0091617	0.0496826
130	R	2.76396	0.0129707	0.020413	0.0140708	0.0222267	0.0137755	0.0125911	0.0246643	0.0223386	0.117601	0.0143098	0.0342899	0.0133707	0.0457194	0.0171231	0.538247	0.0079887	0.0229446	0.0148556	0.0168481	0.0136514
131	F	3.05691	0.0171886	0.014784	0.0264248	0.0259941	0.446243	0.0338242	0.0155955	0.0921911	0.0172975	0.0134921	0.0214817	0.0147455	0.00648096	0.0140305	0.00778073	0.00540748	0.0191791	0.0489004	0.0396887	0.11927
132	E	3.32659	0.0137552	0.0278586	0.0594206	0.353491	0.0108497	0.00587802	0.0112065	0.0262747	0.0158092	0.0220609	0.0224158	0.0552583	0.164198	0.0503598	0.0140874	0.0307069	0.0139346	0.0693277	0.0232986	0.00980791
133	I	3.28564	0.0363626	0.0243689	0.0165319	0.0100607	0.0677197	0.0116141	0.0125184	0.312534	0.0165694	0.195035	0.119307	0.0363602	0.00774855	0.00833734	0.01071	0.00628136	0.0112183	0.0404655	0.0292559	0.027
134	F	2.68963	0.0249022	0.0179529	0.0134881	0.0143392	0.484129	0.00408921	0.0121235	0.0133792	0.0306788	0.0117555	0.170548	0.00920109	0.00369077	0.00952133	0.00804588	0.00781435	0.00972955	0.00990807	0.0351339	0.109569
135	P	3.38373	0.0144474	0.0072471	0.287717	0.079526	0.00698601	0.00912054	0.00917357	0.00788441	0.137342	0.00686042	0.00456916	0.0586576	0.136935	0.0539751	0.0402916	0.0556935	0.0301526	0.0182952	0.0057771	0.0293485
136	K	3.9711	0.0498724	0.0232858	0.0573016	0.0296213	0.165011	0.047323	0.0127701	0.0108028	0.110658	0.0655284	0.0110496	0.00837922	0.039075	0.0523509	0.0347202	0.0510965	0.0665804	0.0622583	0.0216658	0.0806502
137	E	3.62131	0.153833	0.002254	0.0793967	0.199396	0.016913	0.049607	0.0313869	0.0145842	0.00309677	0.0409567	0.0530009	0.135583	0.0143767	0.017997	0.00445222	0.0594617	0.0553623	0.043894	0.00280283	0.0216451
138	S	3.55377	0.022913	0.000272175	0.00752959	0.0778445	0.01634	0.148369	0.017172	0.0659037	0.0130911	0.0760912	0.0650894	0.275497	0.0112939	0.0208114	0.0263639	0.0490621	0.0166086	0.0360191	0.0360477	0.0176807
139	S	3.58214	0.244561	0.0127156	0.00635682	0.00640464	0.0368727	0.0469276	0.0403496	0.0232564	0.0224949	0.0100775	0.043818	0.0244247	0.000453311	0.0856088	0.00885002	0.0910641	0.117758	0.056919	0.112012	0.00907536
140	W	2.44278	0.0117785	0.0162152	0.00501046	0.00996193	0.216721	0.0167888	0.0263191	0.00802801	0.00355964	0.0189077	0.0384341	0.00358536	0.00283536	0.0092574	0.00302408	0.00319403	0.0117489	0.0190606	0.518933	0.0566362
141	P	3.72444	0.0253717	0.0592975	0.015953	0.0751929	0.00552787	0.045327	0.0092943	0.03402	0.0117966	0.0371588	0.0461954	0.0321746	0.223875	0.169155	0.0595897	0.0627733	0.0266215	0.031166	0.0107971	0.0187127
142	N	2.5755	0.00896352	0.0266337	0.0144633	0.0301215	0.00727231	0.0284613	0.0231422	0.0205021	0.0150963	0.0102724	0.00871008	0.604791	0.0347695	0.0518163	0.0161376	0.0257809	0.0105025	0.0174443	0.0266694	0.0184495
143	H	3.27485	0.0185545	0.00531622	0.00592972	0.00863835	0.0462725	0.00306395	0.222136	0.0198392	0.00467596	0.0186374	0.012735	0.0504487	0.00214513	0.0391098	0.0128491	0.0826633	0.12974	0.0338558	0.0232129	0.260176
144	T	2.91409	0.0210994	0.00825001	0.0539154	0.0184032	0.00886626	0.187385	0.01543	0.00638719	0.200366	0.0169931	0.0171103	0.00616229	0.00594087	0.016866	0.0055127	0.036768	0.35251	0.00344365	0.00788879	0.0107012
145	F	3.57611	0.0759989	0.0381314	0.157462	0.258542	0.110558	0.0204876	0.0203804	0.0237779	0.007026	0.00963864	0.0288706	0.0479452	0.00620167	0.0228662	0.00956639	0.0435111	0.0199831	0.0236623	0.060008	0.0153822
146	N	3.81975	0.0822986	0.0155753	0.059131	0.0507091	0.0697305	0.0693391	0.0454404	0.0125508	0.0160654	0.00894146	0.0240578	0.0813561	0.0235222	0.190735	0.0211124	0.020704	0.0223507	0.0270692	0.0147425	0.144569
147	G	3.51003	0.0505883	0.0133184	0.0178073	0.0359655	0.0233319	0.371045	0.0544063	0.0636163	0.0655438	0.0164412	0.0125776	0.046356	0.0290904	0.0522282	0.0328155	0.0253517	0.0257697	0.028433	0.017083	0.0182309
148	V	3.65772	0.0437766	0.00409272	0.0278877	0.0163425	0.0137533	0.00884197	0.0399719	0.164196	0.0926686	0.00443515	0.0396837	0.036103	0.00988373	0.0208802	0.0969305	0.0850864	0.135767	0.141711	0.0027649	0.0152228
149	T	1.7995	0.00219306	0.0185843	0.00492664	0.00597291	0.00228832	0.00340552	0.00744082	0.00947562	0.0176809	0.00256754	0.0133105	0.0128645	0.00586616	0.0101495	0.00670178	0.677465	0.17635	0.0032489	0.0098507	0.00965695
150	V	3.4591	0.177931	0.0117681	0.0113714	0.015274	0.122527	0.00652249	0.0204357	0.0147165	0.011938	0.0566721	0.0177304	0.0163288	0.00204345	0.182228	0.00721554	0.13889	0.0100273	0.0196797	0.114773	0.0419272
151	S	3.11428	0.201997	0.0273883	0.00642989	0.0106215	0.0157627	0.0191612	0.0409602	0.0116042	0.0135271	0.17235	0.0109709	0.027617	0.00589034	0.00981759	0.0114875	0.316536	0.0603544	0.0175806	0.00716013	0.0127833
152	C	2.89098	0.00988777	0.517327	0.0249563	0.00899842	0.0233079	0.0285468	0.0118014	0.00786842	0.0414091	0.0315923	0.0134377	0.0117244	0.0150753	0.0259704	0.0172542	0.0608557	0.0179824	0.011548	0.0377812	0.0826749
153	S	3.8311	0.0331275	0.00245358	0.0220652	0.0766651	0.00800046	0.091806	0.00360428	0.0725213	0.0347853	0.0679164	0.0132157	0.111813	0.101222	0.112356	0.0606608	0.0407691	0.0992689	0.0408297	0.00437368	0.00254541
154	H	3.73709	0.188623	0.0391151	0.0337417	0.034889	0.00818173	0.00826054	0.0600048	0.0641412	0.0320949	0.0152395	0.00686778	0.00368889	0.0121367	0.0618345	0.0656552	0.061456	0.186201	0.0473985	0.0226741	0.0477957
155	R	3.89459	0.0416055	0.00522468	0.00914109	0.0776448	0.0144766	0.020948	0.0869702	0.0381787	0.0165443	0.116765	0.0341286	0.0444976	0.0015376	0.0789407	0.063084	0.0387322	0.0575791	0.0781094	0.022291	0.153601
156	G	3.71777	0.0960232	0.0198121	0.187699	0.105886	0.0179536	0.11371	0.0151416	0.00757602	0.0780896	0.00659792	0.0554876	0.0458741	0.00530386	0.0717877	0.0270384	0.0782788	0.0333103	0.00555442	0.0256205	0.00325581
157	K	3.76799	0.0398802	0.00974445	0.0200467	0.124289	0.00919576	0.0650534	0.033573	0.0686603	0.064799	0.0278416	0.0940631	0.00680062	0.00748079	0.0181671	0.0296266	0.0665399	0.215497	0.0356723	0.0119381	0.0511308
158	S	3.60527	0.0456506	0.0045226	0.00507068	0.00840806	0.00863749	0.00266505	0.0383087	0.0218991	0.102215	0.167733	0.0436216	0.0161482	0.100144	0.0276773	0.0173326	0.0824171	0.183194	0.0154441	0.0145473	0.0943644
159	S	3.48002	0.0910158	0.00999051	0.0754484	0.159637	0.00834713	0.182521	0.0906164	0.00406458	0.0565721	0.00819122	0.0125729	0.017856	0.00357365	0.107977	0.00691083	0.112575	0.0377497	0.00596394	0.00435559	0.00406119
160	F	2.39211	0.033759	0.020404	0.00936878	0.00884892	0.639031	0.00692817	0.035782	0.0117152	0.0106831	0.0102504	0.0392085	0.0124592	0.0168419	0.00781113	0.0103902	0.0185723	0.0193832	0.0154364	0.0299989	0.0431279
161	Y	2.63233	0.00542348	0.00753958	0.0134675	0.0441512	0.308402	0.00520133	0.0140437	0.0149153	0.0059388	0.00973679	0.00973497	0.0159869	0.0101473	0.0259355	0.00419699	0.0129079	0.0316704	0.00881624	0.0393879	0.412396
162	R	3.15459	0.0168061	0.0274319	0.0112321	0.0268993	0.00967705	0.0165443	0.108668	0.00758218	0.184027	0.00320892	0.00955449	0.0100158	0.00890201	0.0330874	0.342497	0.105189	0.0309152	0.0091042	0.0143518	0.0243058
163	N	2.08316	0.00536177	0.0232786	0.015157	0.0123344	0.00856113	0.00711868	0.0582812	0.00567805	0.0135828	0.00362833	0.0109246	0.687732	0.00905814	0.0195525	0.00312962	0.0299086	0.0474937	0.00670159	0.019556	0.0129616
164	L	2.79912	0.0035053	0.0297232	0.00783102	0.00876163	0.0504096	0.0118384	0.00307521	0.220914	0.0090996	0.397892	0.121796	0.00884214	0.00918355	0.0070708	0.00512081	0.0224665	0.00439227	0.0548139	0.0172051	0.00605936
165	L	3.34797	0.0691698	0.0141065	0.011891	0.0174987	0.144472	0.0366137	0.0253631	0.0328616	0.0196948	0.205768	0.0123587	0.0337337	0.00193375	0.0102834	0.0126877	0.0187633	0.00571021	0.26448	0.0123155	0.0502941
166	W	2.32145	0.008295	0.0285443	0.0143154	0.0131726	0.0240435	0.0183707	0.00942627	0.00975288	0.00832408	0.0127644	0.0432637	0.0100217	0.0143664	0.0106016	0.0662485	0.0243838	0.0183315	0.0082706	0.647422	0.0100808
167	L	2.49744	0.0121902	0.0209378	0.00554014	0.00508219	0.00302272	0.00254213	0.00530477	0.234281	0.00323316	0.304305	0.00275585	0.0118164	0.0127095	0.00567559	0.00489078	0.00263924	0.0306055	0.311827	0.0101107	0.0105303
168	T	3.41879	0.00796475	0.0269176	0.021192	0.0173868	0.0172049	0.0592776	0.0226795	0.0263169	0.0115122	0.121418	0.0327386	0.0103269	0.00222199	0.0861275	0.0163275	0.0656106	0.318203	0.0168932	0.0116492	0.108031
169	K	3.87004	0.0654768	0.0331029	0.00228611	0.0934464	0.0148676	0.099366	0.0371657	0.0261155	0.0853199	0.0360078	0.0308765	0.0163889	0.00360344	0.0950774	0.107423	0.0660845	0.089406	0.0891329	0.00624189	0.0026106
170	K	4.03992	0.0641629	0.0160648	0.0542522	0.062013	0.0442839	0.0318804	0.0481214	0.0410863	0.11899	0.028018	0.0706849	0.0346465	0.0041311	0.0322026	0.118957	0.0388579	0.0424924	0.0218713	0.0180221	0.109262
171	G	3.71856	0.0561196	0.00708127	0.0554212	0.0229279	0.0524485	0.0876462	0.0120324	0.0106401	0.0117411	0.0913644	0.0487669	0.169181	0.00324011	0.129795	0.00453887	0.123024	0.0540491	0.0154786	0.00684915	0.0376554
172	D	3.43085	0.0455048	0.0084564	0.148981	0.308876	0.00594057	0.0166589	0.0229501	0.0775278	0.00481206	0.0158549	0.0265612	0.0454466	0.0648241	0.0353271	0.00464315	0.057618	0.0534922	0.0456438	0.00672052	0.00416053
173	S	3.81433	0.0318402	0.00186958	0.106204	0.131338	0.0704228	0.0226587	0.0121349	0.0324978	0.00260837	0.0235709	0.0174578	0.0750626	0.00836132	0.0158198	0.0151619	0.0622571	0.0996072	0.129034	0.0770472	0.0650464
174	Y	2.68692	0.00611543	0.0235494	0.0265209	0.02198	0.0757896	0.00639026	0.0187965	0.0189999	0.0082263	0.00938179	0.0391471	0.0217073	0.00318488	0.00941798	0.00481288	0.00705647	0.0153963	0.00601678	0.198795	0.478715
175	P	4.05487	0.0554675	0.00727081	0.0670961	0.0758513	0.0261312	0.079243	0.0388332	0.0387963	0.0952974	0.0338428	0.104977	0.0397083	0.0378358	0.00547846	0.0593644	0.107708	0.0151729	0.0227829	0.0371361	0.0520069
176	K	4.07146	0.0399825	0.00957974	0.021391	0.0187226	0.0585167	0.0257369	0.115556	0.0650245	0.0772518	0.0974078	0.0666718	0.0107255	0.0511324	0.0521339	0.0202011	0.057258	0.088149	0.0505981	0.0215536	0.0524073
177	L	3.05075	0.185339	0.0130234	0.00277205	0.00616406	0.0490242	0.00602742	0.00972657	0.11787	0.002095	0.133545	0.00276673	0.00512552	0.00130538	0.00619361	0.00578696	0.037003	0.0793273	0.299378	0.00835463	0.0291724
178	T	3.86704	0.14768	0.0145298	0.0295075	0.0369037	0.0421745	0.0284464	0.053029	0.03151	0.0292149	0.107698	0.0144919	0.0163482	0.00310583	0.00601564	0.0166064	0.104846	0.119838	0.0818706	0.043885	0.0722987
179	N	3.62564	0.0823183	0.0108795	0.0155551	0.00768142	0.0991637	0.0594594	0.00769281	0.0276345	0.00980363	0.0177363	0.0371274	0.0811312	0.0170134	0.0844862	0.0153241	0.224757	0.087646	0.104656	0.00391735	0.00601638
180	S	4.02904	0.0688186	0.0135579	0.0231003	0.0977364	0.059247	0.044311	0.0149515	0.0360207	0.0322723	0.0251145	0.0471592	0.0859109	0.00611864	0.0596482	0.0160318	0.119103	0.0758812	0.0828765	0.0716913	0.0204495
181	Y	2.65434	0.00831935	0.00595588	0.0214233	0.00843379	0.15175	0.00431379	0.0208281	0.00807925	0.0131934	0.00541795	0.0289161	0.00856671	0.0381461	0.00808633	0.00294563	0.00429996	0.00691203	0.0073173	0.252751	0.394344
182	V	4.01157	0.0582021	0.0566553	0.0344833	0.018124	0.0351153	0.0116025	0.0285232	0.0741507	0.0220917	0.0400523	0.0644951	0.0546413	0.00703762	0.0391058	0.0346812	0.0215309	0.127334	0.10029	0.130719	0.0411655
183	N	2.28722	0.00491361	0.110592	0.0179979	0.0234518	0.0286787	0.0114933	0.014024	0.00769945	0.0417846	0.00371288	0.0142815	0.63001	0.0111467	0.00915123	0.00708262	0.00469003	0.0157525	0.00837767	0.0219316	0.013228
184	N	3.79529	0.0180229	0.00328181	0.0957592	0.0232041	0.014393	0.0283179	0.0134958	0.0242791	0.0971442	0.0720227	0.0332045	0.0562444	0.00195625	0.0798468	0.0200611	0.171676	0.0836232	0.104116	0.00658604	0.0527651
185	K	3.69734	0.055934	0.0103541	0.0031139	0.035369	0.120898	0.0208795	0.0204711	0.0573591	0.16326	0.0987154	0.0416805	0.0304913	0.00901265	0.120612	0.0752538	0.0113001	0.00665537	0.106736	0.00336361	0.0085399
186	G	3.65124	0.0628894	0.0047143	0.0938777	0.0963598	0.00395572	0.162506	0.0271511	0.00338463	0.091279	0.0696045	0.0264359	0.0173717	0.0114664	0.0139689	0.119726	0.0822056	0.0975207	0.00594792	0.00493156	0.00470303
187	K	3.72158	0.0291933	0.030363	0.00652327	0.0284	0.00810443	0.0169082	0.0155299	0.100968	0.133971	0.0671212	0.0282598	0.147581	0.000742866	0.0811889	0.134843	0.049375	0.0604261	0.0514758	0.00292066	0.0061042
